Viikko\Tunti;0;1;2;3;4;5;6;7;8;9;10;11;12;13;14;15;16;17;18;19;20;21;22;23;YHT
Vko 0;0.5;0.6;0.5;0.5;0.6;0.4;0.6;0.5;0.7;1.5;1.0;0.6;0.8;1.0;1.4;4.8;2.6;1.7;2.9;4.2;3.0;2.6;1.7;0.7;35.5
Vko 1;2.1;2.0;1.8;2.0;1.7;2.1;2.0;4.8;9.3;11.2;14.9;17.4;15.5;10.4;9.5;11.7;15.9;23.6;18.2;9.3;9.5;10.2;6.2;2.3;213.5
Vko 2;2.0;2.2;2.2;1.6;2.2;1.6;3.7;7.4;11.2;12.1;10.6;11.3;13.9;10.5;10.1;9.9;29.7;24.4;13.1;8.2;8.8;9.9;4.7;2.8;214.0
Vko 3;1.9;1.7;1.4;1.7;1.4;1.5;2.4;7.2;9.2;9.7;8.4;9.0;10.2;8.1;14.8;11.3;13.8;34.0;18.1;6.6;6.9;6.1;3.4;1.9;190.6
Vko 4;2.7;2.3;2.4;2.2;2.2;2.3;3.1;7.5;10.7;11.6;10.1;9.1;10.1;11.3;9.6;10.8;27.0;28.8;17.5;13.2;11.0;8.4;5.3;3.2;222.4
Vko 5;2.1;2.5;2.1;2.4;1.8;2.2;4.2;7.4;16.6;19.3;17.6;15.2;8.8;8.1;8.6;8.7;22.6;19.8;31.6;16.7;9.2;6.5;3.3;3.1;240.3
Vko 6;2.2;2.8;2.8;1.9;2.7;2.4;3.7;10.0;15.9;23.6;19.2;12.4;14.0;9.4;10.5;14.4;14.1;33.8;22.3;22.2;18.7;8.0;5.1;3.5;275.5
Vko 7;2.2;2.5;1.9;2.2;2.0;2.3;4.1;11.6;11.7;12.8;13.3;16.5;10.0;9.0;9.0;8.5;13.0;22.8;21.7;10.4;7.0;5.7;5.1;2.8;208.3
Vko 8;1.8;1.4;1.6;1.4;1.3;1.5;2.2;4.5;6.7;6.5;6.3;5.6;4.5;4.6;5.5;5.0;9.5;9.4;11.9;8.4;5.4;5.2;2.4;2.1;114.7
Vko 9;1.7;1.3;1.3;1.4;1.1;1.4;2.6;5.1;5.0;8.5;8.8;10.4;8.2;8.8;7.8;8.1;11.1;12.6;15.0;7.3;4.8;4.3;3.7;2.1;142.4
Vko 10;1.8;1.4;1.5;1.6;1.2;1.7;2.5;6.0;7.8;8.9;8.1;7.9;7.4;6.7;8.4;9.2;8.9;17.0;13.6;12.9;8.7;5.1;4.2;2.2;154.9
Vko 11;1.8;1.8;1.5;1.6;1.6;1.7;2.6;6.5;8.2;8.2;7.9;8.1;7.4;6.8;7.4;8.8;8.4;8.0;9.1;16.1;7.2;4.5;4.2;2.1;141.4
Vko 12;1.2;1.2;1.1;1.0;1.0;1.3;2.1;3.8;6.5;7.7;6.9;6.2;7.5;5.4;5.9;7.2;9.5;6.5;11.8;4.5;4.6;3.1;2.5;1.4;110.2
Vko 13;1.0;1.0;1.0;0.7;0.9;1.1;0.8;3.4;5.2;4.5;5.4;4.5;7.6;7.3;7.7;3.7;6.0;5.6;5.6;5.2;6.0;3.5;1.9;1.1;90.8
Vko 14;1.1;1.0;1.1;0.9;0.9;1.0;1.2;3.7;5.8;6.6;6.3;7.1;7.0;5.3;5.1;4.7;3.3;3.9;9.7;9.5;12.9;4.8;3.2;1.6;107.5
Vko 15;1.7;1.5;1.3;1.3;1.4;1.5;1.8;5.5;10.4;15.1;11.1;10.3;7.1;6.6;7.5;6.0;9.0;5.0;8.8;6.0;6.8;5.5;3.2;2.1;136.3
Vko 16;1.1;1.1;1.0;0.8;1.0;1.1;1.2;4.2;7.5;7.4;6.6;6.2;5.2;5.7;6.5;3.5;9.3;15.1;6.5;6.4;8.8;4.2;2.8;1.4;114.8
Vko 17;2.2;1.9;2.1;2.1;2.0;2.0;2.1;9.1;9.2;9.5;13.9;8.6;7.5;8.4;7.7;5.8;9.6;12.6;6.9;10.7;5.2;6.4;4.0;2.8;152.3
Vko 18;2.5;2.3;2.3;1.7;1.8;2.3;1.9;7.2;11.4;9.3;7.8;7.5;7.8;8.1;7.7;5.5;9.3;11.6;6.8;8.0;7.2;6.7;5.6;2.8;145.1
Vko 19;1.3;1.2;1.2;1.1;1.1;1.2;1.4;3.7;6.7;6.7;8.1;12.4;11.7;7.2;7.8;6.5;5.3;4.6;14.1;7.8;6.3;4.9;3.1;2.0;127.4
Vko 20;1.3;1.2;1.0;0.9;0.6;0.8;1.4;5.0;8.1;8.1;7.9;9.3;7.3;9.2;13.3;5.9;4.7;8.4;11.7;8.0;9.7;7.1;4.0;2.5;137.3
Vko 21;1.8;1.2;1.2;0.9;1.1;1.2;1.4;4.0;7.1;7.3;6.4;7.2;8.3;7.2;9.0;8.4;7.6;7.6;5.8;4.8;5.2;4.4;4.1;1.7;114.9
Vko 22;1.2;1.4;1.6;1.6;1.1;1.4;1.8;5.6;8.5;9.8;9.7;13.9;8.0;8.1;13.0;10.2;7.5;9.4;5.9;7.3;5.5;6.1;4.2;2.8;145.6
Vko 23;2.1;1.5;1.8;1.6;1.6;1.2;2.1;7.1;7.4;9.0;10.3;9.4;8.5;10.2;10.4;9.3;11.1;12.6;8.2;11.9;6.9;4.5;3.7;2.2;154.7
Vko 24;2.3;1.3;1.6;1.1;1.1;1.2;2.4;7.1;10.5;11.5;12.9;9.6;9.8;8.0;9.9;9.6;14.6;11.2;9.0;6.4;9.9;7.7;4.6;3.8;167.2
Vko 25;1.5;1.5;1.2;1.0;1.4;1.0;2.4;5.5;8.1;10.0;9.0;8.8;8.0;8.5;10.9;9.7;9.9;7.8;4.7;6.9;5.3;2.7;3.1;2.3;131.2
Vko 26;3.6;3.0;2.6;2.5;2.3;3.0;3.6;10.3;14.0;14.4;14.9;19.6;13.9;13.0;14.9;13.7;16.8;14.0;13.8;15.5;18.0;16.4;8.8;5.8;258.5
Vko 27;5.1;4.6;4.0;3.9;3.3;4.2;4.9;10.9;13.0;15.0;17.8;23.2;14.1;13.4;15.0;13.9;26.3;11.8;20.7;13.7;10.9;11.6;8.9;5.8;275.8
Vko 28;7.1;5.2;4.0;5.1;4.9;4.9;5.9;11.0;13.5;15.4;16.1;16.3;19.7;15.2;16.9;15.9;23.1;42.8;16.1;13.9;15.2;10.8;8.8;7.2;315.0
Vko 29;4.1;3.2;3.1;2.9;2.7;3.1;3.1;8.8;11.4;10.2;9.3;9.7;10.6;9.9;11.1;10.7;21.0;16.6;15.6;19.3;7.1;8.1;6.9;6.0;214.5
Vko 30;3.8;3.3;2.6;2.5;2.2;2.5;2.6;7.0;9.4;9.8;7.3;11.7;7.8;7.1;6.7;6.0;12.3;6.9;12.0;7.3;6.9;9.4;7.7;5.3;160.0
Vko 31;2.4;2.5;2.4;2.0;2.0;2.2;2.1;4.3;3.3;10.6;4.5;4.8;11.8;4.2;5.0;4.7;5.1;3.4;4.2;3.6;4.3;5.9;4.0;3.7;103.1
Vko 32;3.2;3.0;3.0;3.0;2.8;2.8;3.3;4.0;5.0;6.3;8.8;10.8;8.5;5.4;5.0;17.8;10.3;9.3;5.9;9.1;8.9;7.3;5.2;3.6;152.5
Vko 33;3.0;2.6;2.6;2.1;2.0;2.0;2.5;7.1;15.5;23.4;20.8;15.6;15.2;19.5;11.1;11.0;9.9;16.2;22.7;10.8;11.1;6.5;5.7;4.1;243.1
Vko 34;3.3;3.1;2.2;3.8;2.5;2.3;3.4;6.8;13.2;14.3;14.7;20.6;15.1;11.4;14.1;17.6;23.7;30.8;30.8;14.3;23.4;9.4;5.8;3.9;290.6
Vko 35;2.6;3.4;2.8;2.5;2.9;2.4;3.5;8.7;22.9;18.6;17.2;16.5;13.0;13.7;14.1;12.7;11.6;28.6;24.8;18.4;7.7;10.0;9.9;4.6;272.9
Vko 36;4.0;4.7;3.2;3.9;4.2;2.9;5.4;8.6;16.3;16.5;19.8;17.3;15.0;16.3;15.8;21.8;26.9;48.7;49.3;39.5;27.5;11.6;8.1;5.4;392.7
Vko 37;7.5;4.7;5.0;5.2;5.8;4.6;6.5;10.3;19.4;18.7;24.9;22.5;21.3;20.6;20.9;19.7;27.1;27.6;65.9;47.7;35.0;16.9;12.9;8.7;459.5
Vko 38;6.6;6.4;6.4;6.2;6.4;6.6;8.0;11.3;19.1;21.3;21.0;17.0;19.7;20.6;18.2;27.4;42.2;40.6;53.8;34.7;28.6;22.3;11.3;8.8;464.6
Vko 39;5.0;4.4;4.3;3.9;4.2;4.4;6.4;11.5;15.1;15.1;16.1;17.0;20.6;20.7;16.3;15.9;32.0;38.6;32.6;16.5;20.2;13.1;9.5;6.2;349.6
Vko 40;4.2;3.3;1.9;3.1;2.1;2.8;4.4;8.5;18.8;20.1;17.9;21.2;18.5;15.6;15.0;18.4;30.5;37.8;29.3;32.4;26.4;12.0;7.7;3.8;355.7
Vko 41;4.0;3.3;1.7;1.6;2.2;2.1;4.5;10.3;21.1;24.4;27.4;23.5;17.6;16.5;18.1;19.5;20.5;53.4;68.2;39.5;33.4;16.9;7.1;5.8;442.6
Vko 42;4.2;3.0;2.1;2.1;2.4;3.2;5.0;9.4;22.2;27.3;23.6;35.1;15.8;16.9;16.1;16.0;26.1;31.1;33.2;40.0;24.5;15.4;11.1;6.9;392.9
Vko 43;1.9;1.9;2.1;2.7;2.2;2.8;6.0;11.0;19.0;21.1;30.0;20.0;18.6;18.0;22.5;18.7;20.2;43.5;35.0;18.1;20.5;7.9;3.7;2.7;349.9
Vko 44;1.6;1.3;1.2;1.1;1.1;1.3;2.7;10.7;11.2;11.3;10.7;9.9;10.8;11.1;12.1;12.9;20.1;32.2;29.3;37.8;20.4;10.7;4.7;2.3;268.5
Vko 45;2.7;1.5;1.5;1.5;1.4;1.9;4.7;10.3;21.6;14.3;12.5;12.8;10.7;11.5;11.7;12.7;16.3;28.0;74.6;41.8;12.1;13.6;8.5;5.0;333.4
Vko 46;2.7;1.4;1.4;1.4;1.4;1.4;4.8;10.1;14.3;16.4;16.2;14.6;16.0;13.6;17.6;17.9;24.1;65.5;66.8;26.8;10.6;6.0;5.6;4.6;361.4
Vko 47;9.1;10.7;8.8;8.8;8.2;9.1;12.3;23.0;34.2;50.5;41.4;32.4;38.3;70.5;52.1;47.4;58.4;69.0;92.4;77.9;42.7;22.7;22.2;13.7;855.7
Vko 48;15.7;15.4;15.2;13.3;13.0;14.9;18.6;27.8;43.0;48.4;45.3;42.3;46.2;44.3;47.5;51.2;61.7;45.7;59.9;160.9;62.3;29.3;22.4;20.9;965.1
Vko 49;18.5;23.1;25.9;20.1;21.0;21.8;28.3;55.0;90.8;77.9;76.6;92.9;87.5;82.0;73.6;95.1;182.6;191.5;232.2;147.2;97.6;41.2;37.6;25.1;1845.0
Vko 50;5.9;6.1;5.2;4.3;4.4;4.5;7.6;19.5;39.4;39.0;39.1;52.1;53.3;39.7;37.9;40.9;61.8;140.8;125.1;69.9;29.1;21.4;16.0;11.7;874.6
Vko 51;16.1;15.4;13.9;13.7;13.6;14.1;22.0;39.1;57.3;57.5;59.0;54.6;50.1;49.4;58.5;68.3;83.1;103.3;198.3;149.8;44.4;33.2;32.0;23.8;1270.5
Vko 52;8.4;7.3;6.6;5.6;5.8;8.7;9.6;8.8;13.0;25.6;14.1;25.2;23.3;35.9;19.3;19.3;23.4;19.0;15.3;11.5;19.8;13.8;10.5;9.5;359.1
Vko 53;0.0;0.0;0.0;0.0;0.0;0.0;0.0;0.0;0.0;0.0;0.0;0.0;0.0;0.0;0.0;0.0;0.0;0.0;0.0;0.0;0.0;0.0;0.0;0.0;0.0
YHT;201.5;189.9;176.2;165.4;163.9;175.6;249.1;517.8;822.5;899.7;875.8;903.6;835.1;815.9;811.9;854.5;1210.3;1554.8;1738.6;1356.9;868.8;551.6;401.9;274.1;16615.4
